0 0.13195683782055312 0.5274246482404246 0.2777777781249142 0.3379629625000449 0.5454910968248896 0.5439970675219017 0.39967596119720383 0.7334534655960531
0 0.3054971809788185 0.4515860568171046 0.498321958740803 0.3947935549967553 0.6297353218367334 0.8409289370135885 0.43691164861297693 0.897718849359769
0 0.7905943936406175 0.5694661571572223 0.6440658562499948 0.7305944937500028 0.40729409230789315 0.5152909168884705 0.5538194437500579 0.35416666718746675
0 0.8055060597833972 0.43472904692886916 0.9568720003687758 0.5379871234989353 0.7469337249999626 0.8456952124999809 0.5955708469290357 0.7424408775474106
0 0.8446953264598278 0.5622308086990631 1.0457595638421253 0.6724694308548351 0.8912506109375045 0.954227306249987 0.6901891996058112 0.8439927513949604
0 0.9610725122259964 0.12646979278466416 0.6406064116636117 0.13193675560401982 0.6385128234375088 0.009192218750000623 0.9589782297260854 0.003725261175859893
1 0.25317829572964 0.05342292931400391 0.3699273673970538 0.19502559451546939 0.1904186671874868 0.3430247828124895 0.07367064065113027 0.20142308602052472
1 0.33520405174567713 -0.0029945366014346524 0.5195432330493759 0.0016800463460045789 0.5124301806281437 0.2821776427746336 0.32809099585915646 0.27750308729143025
1 0.5184907174043474 0.029891398988849238 0.7576475756682157 0.17727538058110806 0.5607849774436318 0.4967120174160969 0.32162971745356117 0.3493302123153235
1 0.7336833022309293 0.4543248133995716 0.48728448405972813 0.3056077386770481 0.7221083038707548 -0.08344426689183103 0.9685033264640879 0.06527130895356874
1 0.060695672472093065 0.7858994936940153 0.3067434049054327 0.57112597966519 0.5031965046873665 0.7961513375000071 0.2571559858474757 1.0109171550305882
1 0.5969822423712685 1.0007570699260324 0.3827734527433222 0.8363997864124663 0.5503472218750858 0.6180555562500303 0.7645460472471086 0.7824070194968801