1 0.1640625 0.3541666671875003 0.37632909584544905 0.3417302312416869 0.3930697983533946 0.6274448015771689 0.18080323173012403 0.6398809714907195
1 0.5145117646123936 0.764881022466492 0.3692485563599348 0.761249860430751 0.3755290197038903 0.5101787982070792 0.5207853354364715 0.513809875627709
1 0.5267861818319943 0.21577385690788692 0.3293539000083001 0.19637104820098183 0.35055990843352447 -0.019402758218630804 0.5479910718750034 4.696287771848474e-15
1 0.6123551615480665 0.15124267377345568 0.775640688604426 0.12165476471682073 0.8169642859375017 0.3497023812500011 0.653678846648404 0.3792900264671721
1 0.8641572732441318 0.45468591020716725 0.7645089281249966 0.6755952375000355 0.5119575604126112 0.5616783999705007 0.6116071421874949 0.34077381093750936
1 0.4341517859375017 0.9107142859374598 0.3860304473806764 0.7398279447876688 0.5657161617548354 0.6892386157336835 0.6138398444769564 0.8601210317080055
0 0.2845982140624983 0.3943452375000103 0.13895555679096105 0.31452258299677927 0.2779017859375017 0.06101190468751791 0.42354212709301464 0.1408337743615271
0 0.4958099148038855 0.49265027956275687 0.3404017859375017 0.5089285703124969 0.3099984779986471 0.21865898969772515 0.4654017859375017 0.2023809515625035
0 0.4899553578125051 0.29761904843751136 0.6035062957656692 0.0039643360670351775 0.7151122914915504 0.047120302702588504 0.6015623352149078 0.34077423708810056
0 0.6707589281249966 0.9717261890625412 0.5821869920532663 0.7626630410655747 0.8158482140624983 0.6636904765624703 0.904422338395193 0.8727469531474785
0 0.5189732140624983 0.7812499999999599 0.44729224285606506 0.5749920318096778 0.6930803578125051 0.48958333281247396 0.764763834787118 0.6958360750805168
0 0.6362165034455529 0.5362794465097478 0.4676339281249966 0.5520833328124979 0.4445316432401114 0.3056325729499747 0.6131088818112858 0.2898289389560221
0 0.26615753654380114 0.5698680317874445 0.4745441432157804 0.7041257722279813 0.3816964281249966 0.8482142859375035 0.17331175492063267 0.7139590101924566