0 0.27454641093754617 0.3970719796875151 0.15103470890483095 0.3240349679867558 0.28586334687497583 0.09603535625000204 0.4093731799056286 0.1690716636081327
0 0.4352137109921159 0.487835314919052 0.29167542711979877 0.46419746831359976 0.3345719968749563 0.203738318749992 0.4781066667351297 0.22737587593887446
0 0.6570131633841356 0.028607447973277595 0.7471134436810871 0.09447577932351983 0.5828062687500051 0.3192267937499858 0.49270637419249397 0.2533589152134248
0 0.6632385720698721 0.36009179414439596 0.7515371846636754 0.41471363392561533 0.6116232343749743 0.6408732375000052 0.5233254526613109 0.5862524965388065
0 0.6807137426820873 0.5541476377371556 0.8071421801449787 0.6552432696283773 0.6468158296875117 0.8557120437499802 0.520389889039734 0.754619193925552
0 0.2963965918692111 0.6228373071391481 0.500134642421358 0.7415721030174961 0.39763874531251986 0.9174119453125226 0.19390276180047294 0.7986799740488209
0 0.5847584413209006 0.6343954760993855 0.5174338015625608 0.7497957015624632 0.31577612527132715 0.6321601030482785 0.38310072187493915 0.516762485937504
1 0.5123471047031671 0.20535708752581788 0.3221549913318995 0.16382918924876677 0.36614101760096673 -0.03761765196778112 0.5563321640623826 0.003910135937489548
1 0.14161809218751387 0.5043470609375441 0.2943373721819853 0.24408216048301645 0.4873314268586455 0.35732443769025235 0.3346166797242631 0.6175854150213327
1 0.6565213734374993 0.39634365468747657 0.5463951262451019 0.3166706450802631 0.6674927609374208 0.14929149843746847 0.7776176947487556 0.2289638220702123
1 0.8887607762758307 0.5467632469350165 0.7179668218750521 0.6862073828124885 0.5691342617402597 0.503925580641656 0.7399241124999207 0.36448408125003245
1 0.44183699218751826 0.4035437546875176 0.45844155735255754 0.24411595332211675 0.6037115987518291 0.2592456208824945 0.587108316105855 0.4186722368090463
1 0.5606728465006654 0.630871732666835 0.4084452588365366 0.600992646701506 0.4558265616760764 0.35963010599884565 0.6080486515625125 0.3895086359375079