0 0.2630061896995812 0.4138946716128788 0.0978116951504262 0.33719680109202643 0.2182177437499604 0.0778719578124863 0.38340924075839666 0.154569014934528
0 0.4705676197546609 0.2720823182503852 0.633282343750011 0.008605956249993331 0.7190074363004442 0.06154703125002048 0.5562934041413428 0.3250228045131032
0 0.3201796623498012 0.21731698329930585 0.46636846666251586 0.23025315706106333 0.4404407482689976 0.5232459549376992 0.2942519718750418 0.5103099953125008
0 0.6484351295817987 0.3520819402393523 0.7491616838721029 0.41125654069880296 0.5950880999999981 0.6734982812499777 0.4943625798446192 0.6143250849220373
0 0.6680684393719503 0.577240205106032 0.7874265267919327 0.6783205425242631 0.6229296687499755 0.872528967187527 0.5035742095651585 0.7714514648373351
0 0.29243703717179415 0.6801803790673286 0.376922607812503 0.5515628812499702 0.5805023772842333 0.6852719270117542 0.49602050085013616 0.8138861598801764
0 0.47198065921713805 0.7791142778140268 0.3837122921875107 0.9643566124999678 0.1695429034824656 0.8623202436441783 0.2578125 0.6770833328124807
1 0.2660756840648446 0.24846897445171093 0.4565485186767546 0.32971727540158446 0.30572252343745276 0.6832805624999798 0.11525086183235089 0.6020344234067746
1 0.33105719596017025 0.19124860046205777 0.3291669573798117 0.0003078903545616159 0.5650045509001984 -0.002026886993719689 0.5668953959672081 0.18891321590590132
1 0.6773315831295577 0.11648850819563915 0.8217560073479717 0.23084673847871579 0.6682365421875147 0.42472305156251794 0.5238131154725352 0.31036596639464625
1 0.4431313515625561 0.4267785390625008 0.4253098382762346 0.2454083456452372 0.5658216944642618 0.2316021748171622 0.583644353381942 0.41297107061003935
1 0.4279518634392616 0.41046276777642815 0.5821766859374975 0.39735654218749944 0.6008627877242816 0.6172258275111093 0.4466379940513434 0.6303318274291566
1 0.7234510928068403 0.6983108989532267 0.5690093083876491 0.5537178611311416 0.7287074093750334 0.3831615453125078 0.8831458689120382 0.5277517073585898